7443
4987
3462
6883
490
388
420
2132
5991
6679
922
6079
1791
1035
5381
261
4007
5074
6115
4779
3576
2128
4284
9618
796
1542
4005
2582
670
7959
4094
3021
8572
9330
4977
1269
9779
8488
8248
292
9488
7055
2070
5369
1646
9589
1225
2001
4012
9765
7282
8940
6426
3357
5722
847
3274
4585
5341
549
4827
2071
1084
6239
6388
3381
2673
8635
3238
9922
3262
6473
6311
2530
8963
9534
6348
7061
515
7816
6992
3018
5400
585
3138
6409
4819
9605
6427
1282
7638
9075
4017
7763
5539
2739
8290
2940
4548
6651
656
2944
3935
5631
9744
5679
3884
9435
8822
5640
1520
6042
4080
2419
6485
3044
7745
8908
3342
7166
1886
4855
8344
2847
9421
2885
3442
4213
524
8515
6085
4335
3592
4613
6449
1346
8685
2295
5097
9152
9355
4750
4047
3750
3927
6612
7753
7459
1925
5848
3538
1788
3644
8942
2224
1150
5801
6346
4263
2477
8889
1421
9232
9023
6013
3655
1386
7330
7117
1765
9271
1953
3900
7000
8018
2681
7648
5187
1664
9437
895
167
394
7383
8672
77
1648
1983
9541
4619
7732
2677
810
5190
6967
4429
5401
9752
398
7397
842
8765
2453
3968
3126
4786
7649
1637
4501
7714
8171
2444
8097
5431
4236
9548
567
3108
235
1534
2100
3137
841
1795
5735
5161
7089
9550
5317
4416
2376
7488
1846
3895
8272
911
816
7673
4490
9652
3165
7342
4939
7650
5423
9917
220
987
577
1248
151
256
1093
3692
7617
4831
5293
9786
7467
153
8962
6821
1573
1059
1185
4545
8796
7882
5257
6246
2363
6986
5696
6625
2111
547
7316
6984
3976
2488
3285
6680
5452
2042
9557
1058
8707
2274
6579
537
1979
6093
9132
4872
6873
5396
2311
4631
3669
7790
2601
6304
7804
8795
8437
5585
4192
4614
9740
8754
2307
2911
1810
6083
4235
2745
3796
2452
1317
5824
9719
2771
8361
36
4970
9667
9686
9853
5117
4481
8607
4150
9462
1208
483
9032
9347
8654
7597
2748
2809
4407
7460
5292
7915
5524
9143
3444
2448
3581
7563
9635
5282
5062
2867
6748
290
473
1501
3556
8964
1644
2325
8025
5807
5395
5932
2426
9725
5812
6191
823
4881
3269
1755
7211
5359
1408
685
9188
1195
5256
7187
3124
4103
7634
7558
5379
9036
7134
1017
2551
8827
2019
1337
8596
5270
4387
6472
6694
3585
8853
4388
3314
3093
1933
4729
6653
5449
346
4456
3104
8570
8876
646
1616
2177
1220
9891
3707
2763
8390
3402
754
6692
8608
8381
8733
1610
7547
474
7367
162
1950
1338
9256
232
839
2260
52
3254
1721
3461
5040
1187
7519
8844
902
3537
3954
2013
26
7691
8891
8125
6862
4584
4553
3349
9005
2868
1074
8348
9859
9978
399
8167
5493
5988
355
9242
1425
7890
2470
4340
3940
4664
7758
3253
8514
6737
8989
5584
1257
7542
5725
2833
9489
8988
5657
9640
6109
7970
2696
2428
7315
3597
8569
9394
5469
7948
9181
4911
4713
8389
7324
418
2716
3334
1729
2507
4844
7764
9903
6993
932
3411
8556
8374
1500
9697
4753
7372
9911
1684
4279
504
9518
8127
1769
608
2213
7480
2358
7076
3600
5124
5552
6302
2268
332
1994
9736
7483
9322
1238
8005
8883
3372
4229
1959
5854
4224
2387
5999
644
9216
499
3260
3143
7436
8729
3601
9192
2613
2711
6573
889
382
9516
371
8435
1201
4798
8814
4230
9348
9837
5557
3867
367
8186
5004
5540
3072
9027
2952
3590
7258
2732
9714
6234
3013
1372
3783
3418
1054
6768
5121
4122
3299
345
8523
6165
132
7273
3602
8703
9453
5481
6242
7817
1404
7543
8500
1445
5123
1809
7709
9398
4162
5480
4611
6205
6127
1236
6056
617
202
9975
8087
3761
5507
2476
4828
4201
9699
2200
8103
6292
5233
5003
6078
5251
953
9407
3100
8394
2930
4513
6477
5215
218
9910
1186
2685
2610
9179
8229
4847
1089
9942
3680
1178
6199
1162
9711
4190
8428
4567
6727
5463
2154
3999
3304
6536
9395
7857
7566
1221
2570
8652
8634
2031
6576
6101
4180
5030
8504
3447
8690
5053
3938
4854
6804
7050
6599
6476
8744
2629
2247
7602
2359
9055
3787
8016
6802
5912
7595
718
2954
2817
603
5238
6764
3136
5283
5502
1974
4216
6497
9835
1328
5334
8377
4381
2789
2264
4677
35
8159
7129
4079
5151
1252
9497
2215
1535
6462
5982
4886
6371
4298
8668
933
2932
5451
5890
491
893
8359
8479
2683
2318
7221
7313
3016
7625
57
9896
3888
5095
6141
3267
1223
807
194
4380
2094
9290
4988
4808
717
9634
9080
8740
7505
1329
9763
3958
1376
5427
3239
6695
7174
2116
6868
9136
513
1270
7201
1419
6120
543
9545
2287
1967
7832
5532
9609
5414
621
2415
8866
4137
4705
350
5155
9292
5628
2418
1583
7978
4181
4324
779
223
8163
1390
3057
493
4901
6423
9427
8949
3875
633
5712
3201
3947
7670
7308
4981
6420
4648
1843
1585
2539
7247
9214
5739
6780
8617
4590
5829
5051
3292
7358
6321
3961
2999
3353
1758
374
3862
8251
561
3388
9291
6131
3399
1136
3640
3248
4941
2614
5156
2416
1735
9881
9632
158
4412
6522
379
9054
159
3026
6422
6425
316
2524
1199
4658
2141
5544
8280
6972
7473
2458
5620
6713
6491
5309
9564
9841
7037
6455
983
7907
7145
3967
7770
6334
501
8342
6482
2201
1127
9851
4629
3378
5158
3809
5981
7786
8299
100
1726
6212
1975
6698
3562
8090
21
9566
2525
5150
9335
3302
5174
2296
1775
8948
5924
8414
4775
1804
1315
927
1001
6502
1061
2665
3700
1676
929
9474
5634
9843
571
9369
9017
2066
2845
11
6551
6082
2349
5673
2978
6410
5416
7300
7676
2087
3995
8727
3945
657
112
6402
5574
9178
5085
3105
4802
1985
4348
3439
3083
9329
9254
2424
5841
3587
599
1695
3689
5605
5825
9990
7620
1619
6633
7897
809
9031
3534
564